198.52699032955684 300.28327109046984
196.1016012430767 299.4076748684746
194.8825458840282 301.1338929319253
192.40496102516659 301.5463995824138
192.40496102516659 301.5463995824138
192.40496102516659 301.5463995824138
192.40496102516659 301.5463995824138
192.40496102516659 301.5463995824138
192.40496102516659 301.5463995824138
192.40496102516659 301.5463995824138
192.40496102516659 301.5463995824138
192.40496102516659 301.5463995824138
192.40496102516659 301.5463995824138
192.40496102516659 301.5463995824138
192.40496102516659 301.5463995824138
192.40496102516659 301.5463995824138
192.40496102516659 301.5463995824138
192.40496102516659 301.5463995824138
192.40496102516659 301.5463995824138
192.40496102516659 301.5463995824138
192.40496102516659 301.5463995824138
192.40496102516659 301.5463995824138
192.40496102516659 301.5463995824138
192.40496102516659 301.5463995824138
192.40496102516659 301.5463995824138
192.40496102516659 301.5463995824138
192.40496102516659 301.5463995824138
192.40496102516659 301.5463995824138
193.89320466136869 301.35896724988686
193.89320466136869 301.35896724988686
193.89320466136869 301.35896724988686
193.89320466136869 301.35896724988686
195.39278386787393 301.32343974794617
195.39278386787393 301.32343974794617
195.39278386787393 301.32343974794617
195.39278386787393 301.32343974794617
195.39278386787393 301.32343974794617
195.39278386787393 301.32343974794617
195.39278386787393 301.32343974794617
195.39278386787393 301.32343974794617
195.39278386787393 301.32343974794617
195.39278386787393 301.32343974794617
195.39278386787393 301.32343974794617
195.39278386787393 301.32343974794617
195.39278386787393 301.32343974794617
195.39278386787393 301.32343974794617
195.39278386787393 301.32343974794617
195.39278386787393 301.32343974794617
195.39278386787393 301.32343974794617
195.39278386787393 301.32343974794617
195.39278386787393 301.32343974794617
195.39278386787393 301.32343974794617
194.92233299284962 299.8991237808324
194.43100691358535 298.4818733852351
193.84853947919513 297.09958119909663
193.18554087475616 295.7540579363859
192.8704060722837 293.0352567227922
191.4754327654211 289.1878364481174
190.61178545365163 287.9614134701627
186.75875848929317 293.43084627682305
184.2697255750832 293.9848243862282
181.63633917526508 294.5036708964011
180.16490838854992 294.21230954020666
178.6705605029121 294.08221574071354
177.17056063444232 294.0828438869588
175.67149263665655 294.13571295156305
174.17455276388355 294.23147837998306
172.67910682294556 294.34827494547386
171.19086419956247 294.53571531978724
168.21516073411982 294.9068915425115
166.72403648261948 295.06982854434693
165.2321229441364 295.2253727299362
163.73762872666458 295.3537745754185
162.2431345091927 295.4821764209008
160.74711628224472 295.5913985094155
159.25019873194202 295.6875122315161
157.75186213620242 295.7581340825799
156.25325535525778 295.8227693367906
154.76009444852542 295.9658445148844
153.26705361681329 296.110167329507
151.7761686553582 296.2752795086074
150.3016933701937 296.55082012887874
148.86396947440664 296.9785466764107
147.45193300049633 297.4846622722265
146.14373513863882 298.21856850207695
144.84104857131453 298.96221338190554
143.56739729428023 299.7545595338439
142.39349925507648 300.68834933542536
141.3115973005355 301.72733353200596
140.25644831550053 302.79347640205833
139.22824488213837 303.8856291842305
138.26732553871878 305.03742517980686
136.71559021853898 307.5447493930551
134.97515897819807 309.87176764846384
133.96978320321938 310.98497003395886
133.08581072504725 312.1968250821467
132.05361394963995 313.28520452738735
130.94463552774232 314.29523762573046
129.78828403895804 315.2506701112411
128.52714239645485 317.5467285071669
125.5588248057873 317.9806815448607
124.11159196936687 318.3750381311698
122.65871447889354 318.74806225593244
119.7539580993562 319.49148305185236
117.98766503826816 321.39850058621556
115.13563651469134 322.30105216296556
112.28626600923661 323.2331371082122
110.87104075833561 323.7302663561881
108.00053284693124 324.40972174738823
106.58774554684511 324.91373766449505
105.19699697644629 325.47571490061375
101.12652481868994 327.1583356413808
99.77492998804298 327.80886728069646
98.38793470743016 328.3800450914872
92.4441601462585 332.2255610892139
91.0577594666967 332.7981806450208
89.14586395442426 334.86137713256124
87.054410079916 336.82097695958777
84.3478225374665 338.09852282000094
83.02086172016935 338.7979332784164
74.4459974701412 343.9159497385108
71.66418020931414 345.0241326214861
67.23617939190737 347.9581247416668
62.76589828884141 351.2312418525856
61.389213640986476 351.8268418696638
60.00783199972134 352.4114654760605
53.875884731251396 354.87246193586867
51.487567090961825 353.4698044262877
50.0731836099572 353.96932356370195
48.70846115425567 354.5918447431698
47.37654433838594 355.28177053308144
42.22035660981168 358.2583021708892
35.79162781517775 361.1453809723324
34.38593993551834 361.6688707859478
31.806455019570308 363.096615700433
30.45149009025867 363.74009844326065
27.607207621687195 364.687452828793
24.867481158669573 365.9097043642228
23.499938735693426 366.52600601223486
22.155416844023335 367.1910329912381
20.86194340109904 367.9505897385807
19.106438837141294 371.652065285616
16.456389616459816 373.04799153113163
15.177114410030713 373.831225178393
13.904525661369629 374.6252767363969
12.653544874025082 375.4529524396054
11.501207348936706 376.4132223122241
8.91860428829289 377.93563997676875
18.91860428829289 377.93563997676875
17.11806679094987 380.16126367644983
15.864472014797332 380.98497487413385
14.596977561584485 381.78713309484937
11.990308098261668 383.27103105555403
10.670883427031255 383.98455648392775
8.231339889637653 385.6746126713003
18.231339889637653 385.6746126713003
15.963767989456684 387.5630672353854
14.658557653093862 388.3022735515367
13.356123733939395 389.0463608355447
12.055912498983368 389.79432523608835
9.738974915537042 391.6473573783449
19.738974915537042 391.6473573783449
16.176665884020373 394.28597476180636
14.785175565594663 394.8461128641672
13.49312967144775 395.60809541475766
12.205897750969966 396.3781824117193
10.924814353543471 397.1584550107674
9.73201173680421 398.06797241988363
19.73201173680421 398.06797241988363
18.691609505437743 399.14851080279743
16.882239060693056 404.31549348854037
14.739645588413307 406.2363172777
12.382726523304845 410.68468869700104
11.176696191393125 411.57659162809495
8.600290358985683 413.0886950754136
18.60029035898568 413.0886950754136
16.70282878267256 417.5054576337833
15.512119013299179 418.41771321480405
12.7785911732674 421.7170873203243
12.016593901068353 423.00912453230364
11.110309496430121 424.2043854150759
8.218511191489965 428.76653094021594
18.218511191489966 428.76653094021594
17.37532063031981 431.095023250769
17.37532063031981 431.095023250769
15.898971460434634 434.73069122050333
13.230521035933318 439.35960109588837
11.473821614719721 441.5681222653114
7.559444068012166 447.17102833925554
17.559444068012166 447.17102833925554
16.632468287330727 449.5309109633661
15.426948821796186 450.4235042740076
13.7600257559067 455.5521169009247
11.13141189807677 456.9655617571773
8.508430751226577 458.3817120843192
18.508430751226577 458.3817120843192
15.954524831086022 461.1701766409953
14.154233199893412 464.80579290468427
12.932057094763444 467.19416010925954
9.981113790907102 473.5188111856483
19.981113790907102 473.5188111856483
16.387586773054583 477.86776052216163
13.295970208629427 480.85202180212644
11.542004122306746 483.1521732250939
8.804261099876037 487.7411754478363
18.804261099876037 487.7411754478363
17.755823872841603 488.81391930400855
16.616714752304937 489.78984471688483
14.267105299817933 491.6321933934467
10.835361989050298 494.4936941127436
6.4892781505878325 500.375454754288
16.489278150587833 500.375454754288
15.493893999725074 501.49760019593026
14.36073689612856 502.48043028224066
13.219956353981093 503.4544014084273
10.76674297118284 505.1671599401571
8.261395873077447 506.8082875054287
18.261395873077447 506.8082875054287
15.768562655447749 508.46812296336697
12.901264556867075 511.56566788692044
10.44313954345966 513.2740981042351
7.979180888548278 514.9734478833484
17.979180888548278 514.9734478833484
16.413999911335825 517.333371833962
15.254900565091685 518.2854688382239
14.07582136402427 519.2127078783844
11.56177185121627 520.8383956956876
9.065963785656272 522.4866063335224
19.065963785656272 522.4866063335224
16.18453354666654 525.4889442261332
13.65159871934042 527.085529238464
11.13336023797048 528.7019361550427
8.608692723852577 530.3095065160562
18.608692723852577 530.3095065160562
15.706616071085357 533.329418829244
14.48922782243531 534.2057554381082
13.263577802951984 535.0704993480188
10.712345544596985 536.636524089012
4.599054208309387 543.5155863648657
14.599054208309386 543.5155863648657
13.36218779030714 544.3642096405345
12.082220194033177 545.1463112659495
10.725656679141869 535.7864170619345
9.346032530853263 536.375176103858
19.346032530853265 536.375176103858
16.434408648716957 536.7524999359083
12.597026519748713 538.1684029928629
11.106316823134556 538.3350901261608
9.905301165025385 539.2337343210265
19.905301165025385 539.2337343210265
17.84643642788216 541.3772905360318
16.36310190388763 541.1543136540203
14.885851983749909 540.8940586378561
